7.74108464
7.762
7.788
7.8084
7.82356438
7.812
7.82
7.8288
7.866
7.87
7.88630326
7.906
7.898
7.905976
7.918
7.9084
7.8978
7.91605376
7.911582
7.93
7.944
7.96
7.98
8.008
7.97048682
7.9595916
7.96
7.997
7.99239698
7.9763922
7.95877312
7.95237232
7.9785816
7.967
7.96677792
7.968
7.9756064
7.978
7.98111518
7.99709944
8.023
8.0176032
8.03957022
8.06
8.07946264
8.0904
8.11124352
8.122
8.1176
8.124
8.12162106
8.1293
8.166986
8.16351548
8.19327632
8.194
8.214
8.26226344
8.27014968
8.288
8.31
8.29999152
8.32661122
8.288
8.29
8.28705164
8.27496274
8.2514
8.206
8.194
8.21966978
8.22
8.222466
8.22391328
8.19723898
8.18
8.17045038
8.156
8.132
8.13586788
8.132439
8.122
8.14025744
8.146
8.14527658
8.16270724
8.18
8.21092434
8.2488
8.268
8.2912
8.322
8.304
8.306
8.298
8.278
8.2486
8.22693394
8.2476492
8.28318308
8.2789
8.30014956
8.28549202
8.272
8.25495074
8.2484
8.256
8.238
8.23529312
8.222
8.23093634
8.23320696
8.2238
8.212
8.19325514
8.17061424
8.154
8.134
8.11411096
8.0821008
8.06722592
8.062
8.02921072
8.0264072
8.04999416
8.04756754
8.04937794
8.02203224
8.0084018
7.9863952
7.97039038
7.988
7.97
7.946
7.9463832
7.95678992
7.97422394
7.974
7.94352292
7.92097978
7.9018
7.9
7.902
7.8983688
7.87360212
7.88411888
7.86362588
7.832349
7.79711792
7.832349
7.84
7.82393294
7.8243466
7.84135834
7.8263472
7.83425836
7.832
7.8244
7.82257388
7.832
7.84047502
7.838
7.83379072
7.852
7.8614707
7.854
7.8527095
7.8426091
7.83988112
7.828
7.81234298
7.81
7.81
7.816
7.81234298
7.7946747
7.7863352
7.78425676
7.7698
7.772
7.7898
7.80766594
7.78669542
7.764
7.782
7.782334
7.76
7.7503244
7.7270899
7.736
7.7195436
7.722
7.7343196
7.7320032
7.75152262
7.75591764
7.7663292
7.76825008
7.762
7.76432858
7.78126436
7.78599998
7.8
7.7906723
7.7848
7.802
7.812
7.828
7.8196
7.826
7.834
7.838
7.844
7.86799998
7.87314832
7.88318976
7.90589828
7.909622
7.9
7.87114752
7.872
7.8603574
7.85872184
7.866
7.85364516
7.85
7.82658176
7.798
7.80452248
7.82565574
7.8698
7.8856
7.89236698
7.888
7.88
7.88535098
7.88
7.90302
7.91
7.9
7.908
7.9091624
7.89614294
7.89017088
7.912
7.92348334
7.9436
7.95224786
7.943
7.946
7.9463
7.96338256
7.9806
7.9979806
8.01910716
8.0226
8.04592546
8.062
8.06051184
8.0923863
8.06270868
8.078
8.088
8.098
8.11486672
8.12405998
8.118
8.1004765
8.0842
8.05043648
8.038
8.036
8.04660482
8.05185288
8.05742242
8.0522
8.054
8.0478
8.032
8.024
8.02
8.018
8.022
8.04082232
8.052
8.0474
8.03646502
8.022
8.0032
8.0048949
8.01346344
8.0244
8.05075372
8.08677506
8.084
8.10486072
8.0862
8.098
8.0872163
8.088
8.076
8.07517356
8.09661666
8.122
8.14350558
8.164
8.128
8.1232
8.11048406
8.08721272
8.09696906
8.104
8.122436
8.13916726
8.13
8.156
8.1844
8.166
8.176
8.1756
8.2106
8.20255812
8.18446556
8.182
8.17090034
8.18
8.20625362
8.2212
8.24
8.2486459
8.246
8.23883418
8.242472
8.247
8.23750362
8.1804
8.155
8.14951102
8.15
8.1398
8.1144336
8.106
8.089
8.07199998
8.09011482
8.0792
8.08529496
8.07836018
8.0747616
8.09623108
8.08790332
8.073228
8.0592224
7.998
8.00264
8.02517904
8.0084018
8.016
8.02921274
8.026
8.026
8.028
8.024
8.0032
8.0024
8.017812
8.0394
8.03842688
8.0216
8.0428
8.0694
8.088
8.06071806
8.05599998
8.0472176
8.04
8.042
8.038
8.05819902
8.08074652
8.08258788
8.09
8.07232902
8.078
8.074
8.07423746
8.06
8.05665782
8.05995902
8.08084632
8.08642518
8.08242362
8.086
8.09647628
8.10061646
8.102
8.098
8.07926838
8.062
8.05314098
8.0212
7.982
7.966
7.988
8.002
8.02
8.0144036
8.03286162
8.032409
8.042
8.042
8.05997454
8.048
8.056
8.0777367
8.098
8.104
8.1
8.096
8.1094906
8.14018204
8.13079792
8.12108484
8.108
8.10956748
8.13
8.142
8.156
8.16497592
8.16
8.17475898
8.168
8.18286922
8.1927846
8.1827908
8.174
8.14525008
8.154
8.17490274
8.17469676
8.17045038
8.176
8.176
8.15945528
8.14
8.13
8.1626
8.1594
8.13668422
8.1364
8.152
8.156
8.13923196
8.112
8.09446784
8.09
8.08707192
8.09977766
8.09885712
8.0936
8.0887
8.08642518
8.09
8.086
8.08
8.082
8.0853355
8.072
8.09659814
8.13
8.13925438
8.1407264
8.16223748
8.15
8.13
8.12505142
8.1183
8.1275
8.1244
8.114
8.122
8.10878956
8.08885112
8.08698986
8.0842
8.094
8.08
8.076
8.064
8.06
8.0652
8.072
8.06083432
8.0525
8.06
8.05883312
8.068
8.07458304
8.07866508
8.08
8.094
8.1
8.0944717
8.10230164
8.106
8.0946
8.054
8.06978088
8.078
8.07
8.04921838
8.052
8.05509064
8.08345688
8.10102654
8.11900292
8.11
8.09
8.0732
8.052
8.0412152
8.04313558
8.0612837
8.053
8.0404
8.0330514
8.032
8.0284078
8.0234
8.0154
8.03681992
8.0504144
8.04777818
8.048
8.0572216
8.06
8.04482472
8.038
8.03242208
8.02669926
8.046
8.061
8.06817656
8.073228
8.0568
8.042
8.0478648
8.048
8.044
8.06007342
8.0485693
8.06
8.068
8.0792304
8.078
8.07722958
8.068
8.0656827
8.02865764
8.0052008
7.9982
7.998
8.00558446
8.022
8.024
8.024
8.04055104
8.05117624
8.06556704
8.06
8.0568
8.04970114
8.048
8.044
8.04521678
8.0434
8.043216
8.0252088
8.0099962
7.9922
7.983192
7.99088662
7.9988
7.9964
7.9919591
8.006
8.0177133
8.0294056
8.0300056
8.026
8.04
8.04
8.05043648
8.0472176
8.05053532
8.05773026
8.038
8.028
8.03048542
8.022
8.02999998
8.03362062
8.04810106
8.048
8.03681992
8.042
8.052
8.0555811
8.063224
8.062
8.0752288
8.078
8.084
8.092
8.08642518
8.094
8.096
8.104
8.0988336
8.112
8.128
8.116
8.112
8.12067894
8.11
8.108
8.1026
8.10479326
8.1084829
8.112
8.10312264
8.096
8.092
8.088
8.074
8.06905038
8.08613988
8.082
8.088
8.094
8.09
8.0772296
8.09485472
8.096
8.09122654
8.09
8.088
8.096
8.092
8.0844246
8.09
8.0901
8.1
8.10243
8.09361758
8.0852328
8.05975878
8.052
8.04999998
8.05522078
8.043216
8.044
8.0432
8.046
8.03560598
8.01640928
8.01
8
7.9702
7.9539875
7.97717616
7.978
7.9746
7.98
7.9812457
7.99879712
7.9911952
7.97868086
7.98599998
8.004
8.022
8.0146828
8.00886962
8.01294864
8.0260269
8.024
8.032409
8.0276052
8.0184923
8.0212072
8.0168
8.016
8.034
7.99643682
7.9911952
7.974
7.96692922
7.95315914
7.936
7.91874912
7.916
7.934
7.93796698
7.94797198
7.974
7.978
7.98835192
7.9782
7.98999998
7.99999904
8.003
8.002
8.014
8.0366
8.0606136
8.0817
8.102028
8.12287154
8.1432
8.1622
8.2010505
8.22
8.232
8.2573016
8.2190485
8.20091662
8.17
8.151
8.142
8.188
8.17
8.1666
8.166
8.173268
8.163264
8.16478566
8.1902
8.208
8.2
8.197
8.194
8.18090634
8.192
8.193276
8.227
8.2208
8.236
8.2508
8.2508
8.26452908
8.2312912
8.20656132
8.1605245
8.1378292
8.1164893
8.0924701
8.068
8.04682592
8.0292
8.016
8.0152048
8.0842
8.1064
8.1125952
8.108
8.10134938
8.08695434
8.08855284
8.100749
8.093236
8.075
8.062
8.058
8.0562
8.066
8.05972456
8.064
8.08
8.094
8.09437596
8.102
8.0748656
8.0812312
8.09275254
8.1254562
8.12405682
8.1252
8.1084
8.11646376
8.1568
8.1734
8.186
8.17351034
8.192
8.23504584
8.2192864
8.234
8.22922712
8.2442488
8.24084752
8.22787226
8.21
8.19291354
8.1725341
8.19320146
8.2
8.21412722
8.224
8.20091834
8.1734
8.17110382
8.1734
8.15709852
8.14054508
8.118
8.136
8.1388
8.118
8.1156
8.07953254
8.07506736
8.08885112
8.10686192
8.1244
8.1260476
8.12758416
8.124
8.12
8.13681072
8.16224438
8.166
8.15670946
8.1384
8.11892176
8.11879854
8.14950774
8.15
8.14701328
8.11999998
8.1
8.08891096
8.068
8.058
8.0534898
8.0856
8.1052
8.1224
8.13692824
8.11765794
8.132
8.142
8.1336
8.1168
8.108
8.09963088
8.09442038
8.086
8.0756
8.056
8.04313558
8.048
8.046
8.02881512
8.032
8.051689
8.086
8.07084032
8.042814
8.02763862
8.018
8.032
8.01
8.012
8.006
8.0036
7.99087568
8.0003019
7.992
7.996
8.0130438
7.9942
7.978
7.96677792
7.966
7.96236608
7.96005556
7.96518478
7.97510906
7.97705724
7.99511686
7.9806
7.98511296
7.9658
7.9531005
7.95635392
7.968
7.9582
7.954
7.97238872
7.9838
7.982
7.98770996
7.982
7.9776
7.958
7.958
7.9691864
7.97074888
7.9678
7.974
7.97449158
7.99718982
7.98799268
7.994
7.992
7.988
7.98770164
7.98511298
7.996
8.00095926
7.996
7.9927
7.986
7.98783438
7.988
7.99711764
7.98238208
7.97310828
7.97
7.976
7.972
7.96800048
7.97710986
7.97510908
7.96164056
7.9509434
7.95575418
7.9396
7.921088
7.918
7.938
7.9204
7.89831486
7.89
7.88885468
7.884
7.88307318
7.882
7.89140808
7.90754136
7.91355824
7.9042
7.90115918
7.902
7.90837178
7.9043706
7.902
7.90847392
7.9263772
7.95
7.96629948
7.9811912
7.984
7.9804
7.968
7.9642
7.974
7.978
7.97435736
7.97
7.961
7.958
7.95682756
7.946
7.95
7.94925142
7.96
7.9688451
7.966
7.966
7.968
7.97
7.96894742
7.97
7.96399998
7.96455092
7.97138024
7.976
7.9812839
7.97915862
7.973
7.97572944
7.9763922
7.9784
7.9784
7.97252042
7.978
7.9855968
7.98839578
7.98679448
7.9803934
7.9766
7.9803934
7.982
7.98
7.98193012
7.98
7.984
7.9851928
7.98628984
7.98299176
7.97948008
7.976
7.975
7.98399
7.992
7.98999298
7.99629124
7.998
8
8.004
8.006
8.00248362
8.004
8.008
8.00007526
7.99975632
8.002
8.00085118
8
8.004
8.002
8.006
8.016
8.014
8.02429892
8.026
8.0366
8.038
8.036
8.0252088
8.02
8.03642528
8.026
8.0168
8.01640418
8.0168
8.00574986
7.9919
7.9909592
7.97
7.97414998
7.9943976
7.988
7.996
7.99098854
7.9917
7.9963982
7.986
7.98911452
7.99787882
7.9971976
7.987
7.98911452
7.95235808
7.9432
7.95
7.956
7.963184
7.96
7.96
7.96650584
7.976
7.985071
7.9843946
7.98
7.9863952
7.99711598
7.9931161
7.9943976
7.9983988
7.98
7.97
7.97199998
7.97862544
7.97437568
7.97239098
7.98
7.98865362
8.0003994
8.002
8.0003994
7.9983988
8.0003994
8.00568448
7.99439168
7.9817172
7.9563862
7.96422936
7.95438558
7.9775486
7.97867602
7.9796
7.9818
7.9831115
7.96192772
7.9302
7.914
7.8927335
7.87229406
7.86628926
7.868
7.8532
7.856
7.8508
7.842
7.82
7.81834478
7.83929374
7.90044838
7.92
7.89355676
7.86974232
7.8578
7.8404
7.84199998
7.846
7.862
7.8607503
7.866
7.87969718
7.87229406
7.8608
7.8366999
7.8547482
7.8643586
7.86648148
7.844
7.844
7.83
7.83941678
7.85933332
7.862358
7.86825948
7.86911804
7.86622252
7.86
7.858
7.85049518
7.84270706
7.8443526
7.86507748
7.8603574
7.8366999
7.83635018
7.83601152
7.8483538
7.846
7.84035138
7.84035138
7.8383508
7.82999998
7.824
7.824
7.8263472
7.8383588
7.858
7.86835978
7.8686
7.876
7.8784
7.882
7.883
7.888
7.89399998
7.904
7.8992
7.8998
7.909
7.914
7.918
7.906
7.908
7.9043706
7.8983688
7.902
7.90425278
7.904
7.9036
7.8902875
7.8883658
7.89014814
7.8926
7.912
7.9063712
7.91399998
7.916
7.92199998
7.924
7.9202962
7.92033246
7.91057902
7.88830686
7.878
7.9106
7.92
7.912
7.9063712
7.9187097
7.92810892
7.94905206
7.96
7.956
7.96226704
7.982394
7.99
8.0024
7.994
7.9956138
7.98831592
7.982
7.9903964
8.0212
8.0238
8.02418054
8.02527886
8.028
8.046
8.046
8.0604174
8.089
8.1224
8.0944276
8.0933594
8.096
8.1012392
8.11518016
8.13308972
8.118
8.103
8.11139204
8.09
8.10481548
8.105
8.09791598
8.1062048
8.126
8.12925038
8.12
8.13
8.13
8.12124718
8.13
8.1358899
8.15840242
8.1568
8.1564628
8.142
8.1074662
8.118
8.1248307
8.134
8.13799998
8.15477168
8.15748276
8.17
8.1592624
8.1734
8.1734
8.1768609
8.19873076
8.222877
8.218
8.21487944
8.1885469
8.20210782
8.17725214
8.198
8.213284
8.2
8.1986
8.198
8.208
8.22031602
8.20692194
8.19878664
8.1976
8.206
8.202
8.195
8.195
8.188
8.1734
8.164
8.16528114
8.1848018
8.186
8.18646158
8.19
8.172
8.16331296
8.145
8.1402
8.1264973
8.13875454
8.133252
8.1343
8.14
8.158
8.156
8.166
8.17065274
8.17999998
8.16010214
8.14351674
8.122
8.1112432
8.1066
8.1248427
8.144
8.148
8.168
8.16931024
8.176
8.1752688
8.176
8.20287
8.207
8.207
8.20518676
8.19944832
8.2117139
8.2246
8.2246
8.2246
8.23979914
8.2488
8.24329598
8.24
8.24730022
8.25224606
8.264
8.24837582
8.2646
8.262
8.2625032
8.2626
8.2736823
8.27349424
8.27369284
8.28289224
8.2924
8.27006692
8.2502
8.244
8.25
8.246
8.246
8.25070424
8.254
8.24329598
8.248
8.24058852
8.242
8.254
8.246
8.242
8.2358472
8.233292
8.226
8.2012792
8.21154248
8.2078
8.21
8.21256612
8.202
8.212
8.2024
8.204
8.213284
8.2072816
8.20528078
8.1948
8.1948
8.1948
8.196
8.2
8.202
8.21607482
8.19883938
8.196
8.194
8.184
8.184
8.19
8.21
8.212
8.218
8.21
8.233292
8.236
8.229
8.238
8.2416474
8.2392944
8.234
8.22
8.2114
8.213284
8.21857742
8.224
8.21794584
8.2122
8.216
8.2162
8.1908658
8.1848637
8.1772
8.1784
8.184
8.186
8.196
8.1884
8.184
8.18
8.1788616
8.176
8.16363094
8.16
8.1648
8.1778
8.186
8.192
8.2008
8.1868644
8.204
8.206
8.2069435
8.2148742
8.21031226
8.20668236
8.2086
8.214
8.206
8.2104
8.2182
8.2143
8.212
8.2
8.2
8.206
8.2008693
8.1948
8.176
8.1664
8.1526
8.1412
8.1312512
8.12812202
8.1557
8.15326
8.162
8.164
8.176
8.176
8.1677
8.14525678
8.14734432
8.164
8.15981062
8.16349454
8.15773442
8.1592
8.14413804
8.15087574
8.14748284
8.13
8.132
8.15501622
8.17494192
8.18094408
8.168
8.16
8.154
8.16621656
8.154
8.108
8.12605338
8.12523348
8.1364
8.1364
8.136
8.13500884
8.14366096
8.144
8.15
8.14
8.1289
8.10120242
8.08407802
8.09
8.118
8.12843778
8.11888618
8.12011402
8.122
8.126
8.13
8.1265955
8.124
8.12171852
8.102
8.0824621
8.072
8.064
8.0804
8.102673
8.084
8.05857792
8.037
8.0466
8.02641728
8.022
8.0052372
8.012
8.00264
8.008
8.02331222
8.028
8.034
8.02596172
8.014
7.992
7.974
7.984
7.988
7.98234342
7.978
7.97239098
7.984
7.9963982
7.99307578
7.9954
8.0024
8.0022
8
8.004
8.0046
8.01
7.98861238
7.972
7.97
7.9683898
7.97888512
7.996
8.002
8.004
8.012
7.988
7.98159532
7.988
7.992
7.982
7.978
7.9703904
7.974
7.97
7.978
7.978
7.97
7.97
7.97239098
7.97
7.95394798
7.95314248
7.969964
7.96395798
7.96
7.9573485
7.932
7.88966722
7.85
7.83298236
7.8303484
7.832
7.832
7.828
7.83434958
7.85043288
7.85121134
7.85789188
7.858
7.87229406
7.87
7.87059644
7.87059644
7.872
7.8765984
7.882
7.89
7.892
7.898
7.90209694
7.902
7.90452864
7.904
7.908
7.91199998
7.912
7.908
7.894
7.87688522
7.858
7.842
7.82
7.822
7.80599998
7.81
7.84458786
7.86191994
7.85348894
7.8457
7.83557226
7.82481592
7.81599998
7.814
7.818
7.8401436
7.854
7.856
7.86202812
7.868
7.8837345
7.8856
7.8906
7.896
7.898
7.906
7.90281618
7.90491124
7.91276532
7.9182
7.9182
7.922
7.922
7.9162
7.918
7.918
7.918
7.92361442
7.92642558
7.918
7.916
7.91
7.898
7.89044528
7.882
7.902
7.906
7.90722412
7.9031
7.8998863
7.8803634
7.8611778
7.860179
7.85235498
7.8271712
7.80818568
7.802184
7.78
7.792
7.7866
7.7808
7.7824
7.782334
7.78
7.798
7.79660674
7.792337
7.802
7.818
7.822
7.81
7.8043406
7.8035264
7.81000634
7.814
7.82
7.816
7.81599998
7.828
7.828
7.8231339
7.828
7.832
7.8522
7.854
7.84513678
7.83413506
7.833
7.854
7.87624362
7.88278412
7.864
7.866
7.866
7.8722
7.872
7.8883658
7.8934
7.898
7.9
7.89821088
7.90414534
7.906
7.8968
7.8968
7.904
7.9221881
7.9226668
7.922376
7.9143736
7.90231806
7.9163742
7.9086
7.92
7.94109446
7.95
7.946
7.94
7.94244484
7.936
7.934
7.938
7.94359458
7.95554888
7.95537778
7.95801582
7.95978286
7.96
7.962
7.96301712
7.95995146
7.9563862
7.9509221
7.96019428
7.95664372
7.96
7.9614
7.9641946
7.96660718
7.97078532
7.988
7.98839578
7.9958
7.9954
7.992
8
7.998
7.982394
7.9706872
7.968
7.986
7.994
7.992
7.98719358
7.98719358
7.9919972
7.99
7.994
7.99399998
7.97390662
7.95643468
7.9404
7.9404
7.93592798
7.9367769
7.97
7.99
8.00728224
8.01824278
8.018
8.0362057
8.028
8.026
8.03620076
8.03424896
8.036
8.04033102
8.0434
8.0434
8.038
8.028
8.016
8.01040238
8.0084018
8.01296356
8.01309956
8.0139
8.00780434
8.00896072
8.00933438
8.01024224
8.008
8.01000036
8.01604866
8.03936464
8.03442368
8.03270284
8.0264072
8.04803956
8.03340842
8.032
8.0292039
8.02146632
8.01840478
8.01458066
8.018
8.02
8.01996356
8.0244066
8.02
8.002
7.988
7.9903964
7.998
8.0084018
8.002
7.99697464
7.98473644
7.969
7.978
7.978
7.97237408
7.9751964
7.978
7.976
7.98
7.98
7.978
7.972
7.976
7.9763922
7.9818
7.986
7.9818
7.96769698
7.97039038
7.97201764
7.9701952
7.96992478
7.9749
7.97461334
7.9749
7.9683898
7.97492028
7.9716737
7.97501696
7.9701853
7.9717534
7.97375384
7.9818
7.98882382
8.028
8.05
8.05369092
8.0496096
8.046
8.052
8.0404114
8.0404114
8.05441558
8.05588296
8.072
8.078
8.074
8.0868
8.1
8.104
8.1123192
8.104
8.0789403
8.08
8.082
8.08928594
8.08
8.08006686
8.0767
8.078
8.082
8.07748556
8.072
8.0737
8.07680846
8.0824621
8.0784589
8.0824621
8.0834
8.106
8.1
8.10346952
8.102
8.106
8.10606872
8.106
8.1096216
8.108
8.116
8.126
8.126
8.15
8.144
8.15046782
8.15
8.138
8.14110068
8.142
8.14019448
8.14026208
8.126
8.13177134
8.1462388
8.1685309
8.1872
8.18832246
8.1892999
8.1899654
8.18982892
8.19021766
8.192
8.194
8.2
8.196
8.192
8.1844546
8.18651448
8.184
8.182
8.18
8.1817584
8.168
8.1576
8.17
8.176
8.194
8.219
8.2004594
8.2056
8.2056
8.20066766
8.2064612
8.19655332
8.18802224
8.184
8.178
8.1844546
8.18279752
8.16616004
8.146
8.1448
8.1522
8.17491624
8.211
8.214
8.211
8.218
8.21118358
8.216
8.21694852
8.2222194
8.217
8.212
8.22628042
8.246
8.266
8.2754
8.30429808
8.2804834
8.3294
8.336
8.354
8.356
8.3605911
8.37064548
8.378
8.386
8.388
8.3707596
8.35584212
8.3545056
8.35389452
8.36122642
8.34959358
8.3445026
8.32632008
8.31430808
8.3088
8.3067177
8.326
8.3029184
8.3067569
8.29836302
8.2868
8.2964882
8.2754
8.2494
8.2426
8.242
8.2364702
8.232
8.2264672
8.222
8.2198
8.22253776
8.22678678
8.20820204
8.19
8.192
8.216
8.198
8.1784528
8.1692
8.16335302
8.16644918
8.1692
8.18892938
8.1804534
8.1812
8.18997406
8.185
8.182454
8.178
8.18487014
8.186
8.1971
8.2093356
8.206
8.208
8.2080772
8.1914
8.184
8.152
8.142442
8.182
8.1862008
8.1984588
8.1936736
8.19190806
8.192
8.19750608
8.20255812
8.2
8.1984588
8.21046238
8.19334566
8.176
8.15615004
8.156
8.1504444
8.154
8.15269756
8.1497774
8.18143144
8.1764522
8.158
8.15101478
8.16907782
8.172
8.174
8.174
8.174
8.166
8.16136824
8.1605245
8.16777264
8.1776352
8.176
8.174
8.174
8.176
8.176
8.174
8.17388102
8.182
8.1904564
8.1944576
8.192
8.19
8.188
8.188
8.18503524
8.1884558
8.18136712
8.17159714
8.1702
8.17245098
8.18037162
8.19177848
8.194
8.184
8.184
8.18902818
8.1895774
8.1906
8.198
8.198
8.20310504
8.212463
8.2064612
8.20711974
8.21
8.22
8.234
8.232
8.23473948
8.236
8.24047138
8.23422806
8.226
8.23306502
8.242472
8.242
8.23823206
8.23980214
8.2604774
8.25283658
8.2504744
8.246
8.25
8.2584768
8.2578371
8.2754
8.2944876
8.294
8.286
8.28862692
8.25321058
8.24440478
8.24047138
8.23830988
8.24900562
8.244
8.246
8.24695008
8.244
8.24801544
8.24793252
8.24437084
8.23599426
8.2188
8.2144636
8.2335452
8.24
8.26
8.25966518
8.242
8.2464
8.248
8.242
8.245436
8.2462
8.27848278
8.2976
8.272
8.26022342
8.26457428
8.27199998
8.2823033
8.288
8.294
8.30119046
8.278
8.26009498
8.2552
8.2606
8.25
8.25464692
8.248
8.2604
8.258
8.2668
8.26791272
8.26
8.27090596
8.2706
8.28
8.273308
8.2593024
8.25625006
8.24329598
8.24
8.25
8.25772938
8.27
8.26306192
8.252
8.24
8.23824096
8.236
8.2408
8.234
8.23160656
8.2372
8.23623006
8.228
8.22021406
8.21598064
8.206
8.20620004
8.1844546
8.1574
8.144
8.1384408
8.13979072
8.128
8.1282
8.1384408
8.13515836
8.1541702
8.1536125
8.15
8.1542
8.1564
8.156
8.15
8.14727164
8.16126318
8.152
8.136
8.142442
8.16044738
8.168
8.166
8.16
8.1732
8.184
8.194
8.186
8.1909447
8.1884558
8.1804534
8.1804534
8.172
8.15902624
8.16308036
8.1605245
8.16665134
8.172
8.1546347
8.1525402
8.142
8.1412
8.13970898
8.16328604
8.16862622
8.1584468
8.15462778
8.136
8.14
8.16
8.1602
8.164
8.13975198
8.09978156
8.121
8.128
8.12809054
8.142442
8.142
8.148
8.15
8.1518
8.15169884
8.15
8.15
8.1353
8.132439
8.13212604
8.13443958
8.1164342
8.11145114
8.116
8.1142
8.1104324
8.11152792
8.114
8.11868924
8.1328
8.14999998
8.15735736
8.154
8.1604
8.15234068
8.166
8.17112944
8.182
8.1899551
8.18
8.1665293
8.1644486
8.162
8.16688868
8.148
8.124
8.1104324
8.08808202
8.09830736
8.116
8.112
8.124
8.11851596
8.112
8.1164342
8.10651222
8.12
8.124
8.142
8.15493252
8.1512592
8.14652464
8.15
8.1518
8.156
8.14841314
8.1304384
8.1244366
8.1404414
8.148
8.156
8.1734
8.1734
8.15214604
8.1545197
8.1565213
8.144
8.1433731
8.1465133
8.142442
8.14748082
8.154
8.158
8.148
8.15
8.1504444
8.14793106
8.1417529
8.15028144
8.1484
8.1412552
8.14
8.1528
8.15
8.1464432
8.152
8.13212604
8.122
8.126
8.126
8.14
8.12469684
8.126
8.14461736
8.1425101
8.1464432
8.156
8.14832694
8.15
8.1464432
8.126
8.14208912
8.138
8.14
8.13968168
8.1605245
8.17222544
8.1734
8.18
8.18837634
8.192
8.21056452
8.22
8.224
8.21
8.2068583
8.1946
8.20053448
8.218
8.234
8.232
8.21111248
8.222
8.21955512
8.224
8.20921416
8.19218604
8.194
8.196
8.194
8.18979144
8.186
8.1838867
8.18283794
8.1848
8.201968
8.21
8.22
8.22746364
8.22397328
8.20614214
8.20580488
8.204
8.2127
8.2131317
8.21427008
8.2174
8.2174
8.21388876
8.214
8.2369
8.2357
8.222466
8.23264228
8.2364
8.234
8.226
8.22447996
8.222
8.236
8.242
8.24047138
8.2432
8.2376
8.228
8.2354
8.22893514
8.222
8.24656404
8.24134034
8.232469
8.23093634
8.23270726
8.24
8.244
8.2604774
8.27454788
8.28659842
8.2942
8.30059656
8.31822572
8.316
8.30463972
8.296
8.28262212
8.29297354
8.28496874
8.2856568
8.2832
8.26833132
8.2353161
8.207
8.19
8.16815076
8.148
8.12366794
8.0821008
8.11010808
8.088
8.08810234
8.086
8.10263326
8.107
8.107
8.102
8.10535874
8.09885712
8.1026114
8.10285952
8.10646466
8.0934
8.1
8.1158596
8.126
8.14
8.1473786
8.158
8.17
8.18
8.178
8.1822
8.18496404
8.18643684
8.19
8.18470658
8.18933032
8.19
8.194
8.1844546
8.184
8.1822
8.17776196
8.1692
8.16478144
8.166
8.1640733
8.163
8.162
8.16
8.1586
8.16839114
8.174
8.18
8.1764522
8.16644918
8.16108164
8.16151886
8.1552
8.1526
8.1549485
8.1514
8.138
8.134
8.127
8.122
8.1144336
8.122
8.13
8.126
8.13
8.1238
8.118
8.128
8.1309553
8.12967354
8.12756626
8.1204354
8.122
8.068
8.016
8.02392528
8.024
8.0188
8.0204054
8.0264072
8.026
8.026
8.024
8.024
8.02213076
8.022
8.0193133
8.018
8.00640118
8.016
8.016
8.02
8.02507732
8.026
8.0304084
8.03
8.032
8.034
8.0344096
8.034
8.032409
8.032409
8.03990556
8.0422
8.0428
8.0352
8.0319355
8.0292
8.032
8.03621196
8.042
8.046
8.05
8.05
8.048
8.046
8.044
8.04682592
8.04261876
8.0428
8.04182716
8.0428
8.0428
8.0400095
8.03939446
8.02549748
8.006
8.004
8.0104
8.0084018
8.0032
8.004
7.99180016
7.98529788
7.98799136
7.998
8.0003994
7.9948
7.9874
7.994
7.994
7.992
7.98270406
7.97837888
7.976
7.9683898
7.967
7.964
7.9661312
7.963
7.962
7.9463832
7.944
7.945442
7.95114576
7.946
7.92841496
7.9348
7.932
7.93
7.9121
7.906
7.9066
7.90237
7.90999264
7.90393614
7.89284038
7.9
7.89
7.88599998
7.89039636
7.89799998
7.894
7.885
7.885
7.885
7.88833524
7.88104382
7.88307318
7.882
7.888
7.906
7.89319924
7.88723244
7.892
7.8851023
7.8785756
7.8767239
7.8751488
7.876
7.8778
7.8958
7.898
7.9044
7.91
7.912
7.91399998
7.916
7.912
7.914
7.91283046
7.9111632
7.9111095
7.9082
7.9098
7.916
7.92
7.93
7.938
7.954
7.954
7.9514
7.946
7.93317198
7.94
7.938
7.9260657
7.924
7.9204
7.922
7.92359102
7.9242144
7.918
7.9262
7.916
7.89773624
7.89
7.892
7.892
7.90182
7.908
7.91199998
7.912
7.93565272
7.934
7.944
7.94353798
7.94
7.94439836
7.952
7.954
7.967
7.96799998
7.972
7.974
7.9695847
7.9635024
7.962
7.956
7.95950064
7.96
7.95749976
7.95749976
7.958
7.958
7.956
7.954
7.966
7.968
7.988
7.986
7.9804662
7.98743192
7.98618588
7.982
7.978
7.98
7.9755874
7.9825964
7.986
7.988
7.99648828
7.9995996
8.0185318
8.0152048
8.02563636
8.044
8.05258392
8.058
8.05598836
8.0599691
8.068
8.0748171
8.07594898
8.074
8.072
8.0676288
8.064
8.072
8.07
8.05883312
8.06
8.054
8.0516216
8.05
8.04353758
8.038
8.0349
8.034
8.0299
8.0278
8.03235748
8.038
8.04797604
8.056
8.06506636
8.0755748
8.078
8.07951162
8.0724541
8.06469998
8.0629016
8.064
8.0649023
8.06620122
8.064
8.06
8.0478
8.04473428
8.0427336
8.03842688
8.03465056
8.03642528
8.04263806
8.04
8.04999924
8.048
8.04095416
8.02676788
8.02155538
8.04232834
8.06
8.0529657
8.02641728
8.01720558
8.02
8.0185755
8.014
8.006
8.00264
8.006
8.014
8.01894502
8.0144036
8.0124
8.0086
8.008
8.008
8.00640128
8.0028
8
8.00063934
7.99687772
7.99906628
7.9938
7.994
7.98055296
7.97
7.97501596
7.976
7.974
7.964
7.9526235
7.93618678
7.92818918
7.9246
7.9232
7.924
7.92952496
7.9272
7.9183748
7.91932966
7.922
7.91227204
7.904
7.9146
7.9146
7.92730134
7.92626848
7.9311712
7.9271696
7.93158966
7.946
7.978
7.984
7.9886
7.993196
7.99051502
7.986
7.976
7.975
7.974
7.976
7.9777452
7.978
7.97318798
7.97447132
7.974
7.974
7.97999998
7.98553784
7.992397
7.9904
7.992
7.994
7.9928
7.998
7.998
8.006
8.0044006
8.002
7.994
7.99155362
7.98644376
7.996
7.988
7.99
7.988
7.989798
7.99
7.99049264
7.99
7.98790808
7.992
7.996
7.98839578
7.99250324
7.9943976
7.9878
7.98328258
7.97690024
7.974
7.966
7.965
7.94818226
7.94877878
7.93
7.9213602
7.92257828
7.90837178
7.90837178
7.9071616
7.904
7.91850286
7.9142
7.9184
7.9152
7.91437358
7.918
7.9072
7.916
7.916
7.913164
7.878
7.864
7.8378
7.816
7.808
7.82034538
7.8297295
7.83
7.838
7.836
7.84
7.83513756
7.8418
7.833132
7.8371336
7.8391344
7.8418
7.838
7.8374
7.828
7.834
7.84
7.838
7.8374
7.8371336
7.8309302
7.83
7.82625726
7.8171202
7.82622976
7.8183448
7.81365796
7.802
7.794
7.794
7.78292924
7.77833278
7.78097268
7.77233098
7.78033338
7.7771
7.76440778
7.75725842
7.76232798
7.786
7.78937538
7.798
7.81112318
7.818
7.804
7.804
7.808
7.8043406
7.80356038
7.8076
7.8178
7.81234298
7.81580662
7.81
7.8111333
7.806
7.8043406
7.80569566
7.7866
7.76948862
7.7599395
7.75632618
7.7618624
7.7586
7.75632618
7.756
7.74819484
7.75
7.7483238
7.75386048
7.76476218
7.7543256
7.75686368
7.75562832
7.758
7.758
7.75831038
7.76355238
7.77120834
7.79212238
7.802
7.806
7.814
7.81264076
7.8083418
7.81105402
7.8126226
7.832
7.838
7.836
7.84649022
7.84016142
7.8503544
7.84800526
7.848
7.85032064
7.85402454
7.85072266
7.848
7.8443526
7.832
7.834
7.8344
7.836
7.84035138
7.83999998
7.84
7.838
7.8362
7.8304
7.8303484
7.84007084
7.838
7.83
7.82887796
7.82799998
7.8243466
7.8192
7.8076515
7.8052
7.806
7.80619352
7.82
7.818
7.824
7.822
7.81512478
7.816
7.814
7.812
7.81478202
7.816
7.816
7.828
7.826
7.826
7.828
7.836
7.838
7.82161768
7.816
7.812
7.818
7.822
7.82143012
7.82624504
7.826
7.824
7.8106
7.812
7.822
7.82396936
7.822
7.81956358
7.821564
7.8182
7.822
7.822346
7.818
7.82203252
7.824
7.82712958
7.82133494
7.81819998
7.82
7.812
7.81
7.826
7.822346
7.83645832
7.8303484
7.828
7.82658534
7.8231816
7.8206903
7.818
7.81198478
7.8106843
7.8086831
7.80312
7.798
7.78622524
7.78825792
7.786567
7.788
7.79
7.79223004
7.79001942
7.79225588
7.78904722
7.78139354
7.7846
7.786
7.77077482
7.75
7.758
7.75019644
7.736
7.7322
7.7532
7.74489
7.738
7.73439718
7.7315
7.72809612
7.72121566
7.7146267
7.7146267
7.7186291
7.7143136
7.716
7.713
7.7026195
7.7006183
7.69082992
7.6912
7.6904
7.68739638
7.6991082
7.7003094
7.699918
7.726
7.74199998
7.74768562
7.72865092
7.722
7.72
7.718
7.72231598
7.722
7.726
7.72999998
7.72
7.724
7.713
7.72
7.7314
7.7363202
7.75195484
7.746
7.75
7.7531283
7.7531
7.75374688
7.75950818
7.75999998
7.76310398
7.765
7.768
7.7606
7.764
7.768
7.77
7.7652
7.752
7.754
7.752
7.754
7.758
7.768
7.77
7.774
7.768
7.764
7.7604
7.76012112
7.758
7.754
7.7479365
7.7604
7.7792
7.782334
7.78
7.79
7.782
7.782
7.78
7.762
7.75732512
7.75386048
7.7528
7.75
7.74219004
7.7368
7.738
7.73832078
7.7306
7.726
7.7252
7.722
7.7084
7.70403954
7.6996
7.6936
7.708
7.709
7.708
7.6924
7.69
7.68386588
7.682
7.67502376
7.668
7.664
7.686
7.664
7.6667666
7.664
7.666
7.664
7.6675332
7.6576
7.636
7.64394818
7.6402
7.62009242
7.62599998
7.63856196
7.66
7.673
7.66999958
7.65686094
7.6603184
7.67953558
7.6730535
7.6682998
7.6818
7.69099998
7.694
7.7003094
7.696
7.7136469
7.73025128
7.74096794
7.746
7.7609
7.78659998
7.7846687
7.788
7.8328
7.8389433
7.85198498
7.85964572
7.858
7.83699998
7.831
7.8228
7.8252
7.82599998
7.822
7.8046807
7.80233998
7.79635162
7.80339998
7.808
7.8
7.7955865
7.804
7.806
7.804418
7.816
7.818
7.82
7.8159535
7.826
7.818
7.82311316
7.828
7.8284
7.83
7.834
7.83269546
7.82941668
7.838
7.836
7.832349
7.83196814
7.83
7.8303484
7.824
7.842
7.843413
7.84271444
7.81981202
7.8043406
7.8
7.7970414
7.804
7.80103564
7.8004
7.798
7.80052214
7.81
7.79633818
7.79497658
7.7896
7.788
7.7863352
7.77625196
7.77833278
7.774
7.7803334
7.78498114
7.786
7.79
7.8
7.79829484
7.7948
7.798
7.79596592
7.7958
7.794
7.792
7.79633818
7.7914
7.7863352
7.786
7.7763322
7.77
7.7704
7.77106588
7.7726615
7.7626555
7.75505122
7.756
7.7626
7.761
7.7554
7.76
7.764
7.7683298
7.769
7.774
7.772
7.76996846
7.76913952
7.76764912
7.772
7.75881338
7.752
7.74654712
7.748
7.74323
7.742
7.756
7.75
7.74432258
7.73624284
7.72423936
7.732
7.73535756
7.72875212
7.728
7.7268
7.726
7.7240583
7.714
7.716
7.7229797
7.726
7.7130843
7.706
7.68909766
7.7034
7.7
7.6826
7.62434352
7.615
7.6
7.5986
7.596
7.58
7.5794
7.572
7.572
7.57490266
7.5653115
7.55705284
7.56004064
7.562
7.5638
7.55558346
7.56064972
7.56381488
7.5655128
7.55961926
7.56400062
7.56928956
7.566
7.568
7.57133212
7.566
7.56799998
7.57165288
7.562
7.558
7.56058538
7.56503122
7.572
7.5698
7.5698
7.5675132
7.566
7.5691186
7.58888592
7.5971394
7.59199998
7.57195746
7.56120958
7.566
7.564
7.56999998
7.566
7.56599998
7.57
7.5782
7.5842
7.5849859
7.58519998
7.59399998
7.598
7.594
7.59173436
7.5924
7.572
7.574
7.568
7.564
7.574
7.574
7.576
7.58536512
7.584
7.5930004
7.5861365
7.576
7.572
7.57054028
7.576
7.5755148
7.576
7.58141386
7.57997026
7.5862
7.5860169
7.588
7.588
7.586
7.585
7.585
7.582
7.576
7.5802
7.57381682
7.57654388
7.5772
7.5758
7.5758
7.5752
7.57915294
7.583529
7.582274
7.58658494
7.5804
7.57559656
7.5782728
7.582274
7.5854
7.5872
7.58627518
7.587
7.587
7.588
7.5902764
7.59061848
7.59509938
7.606
7.596
7.5938
7.596
7.5982788
7.594
7.5916
7.592
7.6002
7.6016
7.60317982
7.608
7.61599998
7.6242866
7.626
7.622
7.62980692
7.634
7.63257748
7.63599998
7.636
7.638
7.635
7.64348324
7.6459266
7.644
7.65260256
7.658
7.6562962
7.658
7.6608
7.6502179
7.6
7.5782728
7.56697216
7.55953862
7.5618
7.566
7.576
7.578
7.59626182
7.5972
7.5930363
7.5950371
7.594
7.5916622
7.59055228
7.58723878
7.5930363
7.59250468
7.6
7.59427758
7.5926
7.59000212
7.58514144
7.5851
7.586
7.5850331
7.58504734
7.5788
7.584
7.578
7.576
7.578
7.588
7.59227698
7.594
7.5910355
7.5836
7.582
7.5782728
7.576
7.57310328
7.5642686
7.564
7.57
7.574
7.57412016
7.58069954
7.582
7.59468514
7.59599998
7.59173776
7.5772794
7.58059998
7.5810315
7.57427158
7.574
7.556
7.5564
7.554
7.554
7.57
7.5701947
7.562
7.55811568
7.554
7.55426558
7.556
7.552
7.552
7.56216478
7.566
7.578
7.578
7.58
7.588
7.598
7.6
7.60071506
7.6
7.602
7.60915748
7.618
7.62
7.622
7.622
7.62636342
7.624
7.626
7.6526
7.66114958
7.64258348
7.6508
7.648
7.64866498
7.6632
7.664
7.6688
7.67530602
7.672
7.67403272
7.668
7.66200762
7.668
7.67
7.6796184
7.68053372
7.67964984
7.68
7.6768
7.674
7.68
7.68084086
7.6814
7.68283304
7.69007798
7.68561252
7.67884012
7.676
7.66883642
7.65741598
7.658
7.652601
7.65333874
7.6616765
7.67199998
7.67
7.674
7.66891308
7.66
7.662
7.66
7.67
7.666
7.666
7.668
7.67255768
7.69
7.7
7.706
7.714
7.708
7.688
7.7056
7.70615368
7.706
7.712
7.70500376
7.70891802
7.70975618
7.70999572
7.70372782
7.68727758
7.682
7.67499208
7.674
7.67599998
7.676
7.6773174
7.67399998
7.674
7.676
7.668
7.6670659
7.65459068
7.6530603
7.652
7.65104752
7.6458
7.636
7.6356
7.6348
7.63745422
7.638
7.642
7.64459828
7.65
7.6561484
7.66434466
7.672
7.66872728
7.6680676
7.6546
7.63879316
7.64106078
7.646
7.644
7.6461466
7.6431463
7.6366
7.6366
7.62857508
7.6244
7.62344856
7.621
7.6198
7.61
7.594
7.5876
7.58536808
7.582
7.5864
7.56413398
7.562
7.564
7.5636
7.5672
7.55698086
7.558
7.55653462
7.55252948
7.54250718
7.53046796
7.536
7.5334
7.538
7.54894294
7.542
7.53929778
7.5398
7.5408
7.54163212
7.54
7.54847776
7.548
7.5456604
7.54535754
7.54
7.53651988
7.5274
7.52051028
7.50924216
7.48590988
7.46912432
7.468
7.4718
7.48
7.472
7.48140966
7.502
7.50657668
7.502
7.492
7.4814
7.476
7.474
7.47298798
7.47248148
7.46493748
7.44675754
7.43
7.4308969
7.4429016
7.428
7.4304
7.432
7.4166
7.42
7.4271142
7.4168
7.4149651
7.408
7.4049611
7.41916692
7.4286
7.43010922
7.42759678
7.422
7.42
7.418
7.41481656
7.41444666
7.41
7.4088
7.41
7.418
7.4142236
7.41081504
7.41411208
7.414
7.412223
7.41081504
7.4129271
7.41523398
7.4302284
7.4392
7.43609878
7.4276
7.4188
7.412
7.402738
7.3994
7.39514184
7.398
7.398
7.40416818
7.405
7.414
7.42
7.422
7.41968074
7.416
7.416
7.41
7.4098
7.406
7.4080983
7.408
7.412223
7.4082118
7.404
7.396
7.3902164
7.39799998
7.398
7.39999402
7.398
7.396
7.394
7.3902164
7.387
7.3749491
7.36620918
7.374
7.376324
7.38
7.388
7.398
7.404
7.40021938
7.406
7.39821878
7.396
7.4
7.408
7.4088
7.4204
7.41815062
7.42031894
7.41622418
7.4182248
7.4149651
7.414
7.41244782
7.41
7.412
7.4146
7.4182044
7.418
7.424
7.42644992
7.428
7.42652416
7.426
7.426
7.428
7.43351458
7.43149644
7.434
7.444
7.444
7.45
7.458
7.462
7.46
7.45846048
7.454
7.4512
7.4538953
7.452
7.444
7.44023138
7.435
7.4397215
7.44683722
7.45438464
7.46399998
7.4588
7.46269404
7.45846048
7.454
7.454
7.452
7.454
7.45638528
7.4502344
7.45
7.45
7.45399948
7.454
7.4609835
7.46
7.4609832
7.47
7.46999998
7.47263044
7.48
7.476
7.47599998
7.478
7.48
7.48599998
7.47654116
7.47031508
7.464
7.4584
7.4582368
7.46
7.458
7.45546232
7.4584
7.474
7.46402116
7.4584
7.45875112
7.462
7.4542356
7.4448
7.4384
7.44362522
7.458
7.46199998
7.45563908
7.44826514
7.446
7.4432
7.4466
7.43644566
7.440157
7.43823078
7.4362302
7.4339038
7.43949998
7.441
7.446
7.4401
7.446
7.442
7.448
7.4462332
7.45668962
7.45791308
7.4542356
7.44710686
7.4462332
7.452
7.462
7.452235
7.4502344
7.4496
7.45
7.452
7.45
7.448
7.4408
7.4416
7.44
7.444
7.444
7.442
7.44023138
7.438
7.432
7.4262272
7.41800232
7.4212
7.422
7.42200338
7.43628448
7.44
7.4309715
7.435
7.434
7.427
7.428
7.43647578
7.434
7.432
7.4342296
7.42774998
7.43
7.44
7.43374154
7.434
7.4302
7.426
7.41768306
7.4256
7.424
7.426
7.436
7.434
7.448
7.45303154
7.4784988
7.4656253
7.4614
7.462
7.4728497
7.47224098
7.46954444
7.474
7.4662392
7.464
7.4624
7.4624
7.468
7.466
7.4582368
7.4476
7.413
7.4102224
7.41867192
7.41644786
7.4116
7.398
7.3934784
7.394
7.39979206
7.4
7.393
7.392
7.3898
7.38793878
7.386
7.3922734
7.3942
7.4028
7.4062212
7.39147798
7.3832
7.396
7.402
7.404
7.404
7.39999746
7.40021938
7.404
7.41
7.41075212
7.416
7.4162242
7.41696304
7.42531566
7.42513256
7.42200338
7.41866344
7.41873828
7.42284886
7.4217066
7.4320061
7.43457842
7.4225246
7.41807648
7.4182248
7.426
7.428
7.43890464
7.436
7.4382308
7.438
7.4342296
7.432
7.4388
7.442
7.452
7.456
7.456
7.4594916
7.46174168
7.45
7.44472216
7.44
7.44599998
7.448
7.45046828
7.458
7.462
7.45623618
7.46
7.462238
7.46140634
7.46264064
7.4594916
7.458
7.452
7.46312186
7.4692583
7.47295646
7.472
7.47
7.472
7.47522598
7.47
7.47
7.4652
7.466
7.4762422
7.482
7.48405394
7.48557164
7.49
7.5
7.494
7.488
7.486
7.486
7.482
7.49087972
7.492635
7.49854072
7.48849108
7.4754
7.46806918
7.4674932
7.4626
7.46579904
7.4659964
7.47
7.466
7.45447068
7.4605
7.4586
7.45741162
7.448
7.4454888
7.446
7.442
7.4382308
7.43445866
7.438
7.446
7.44801988
7.4426
7.4409755
7.442
7.442
7.4258
7.424
7.428
7.4154828
7.41348238
7.412
7.41348238
7.4194836
7.41599998
7.4102224
7.4049611
7.398
7.39
7.38307508
7.3782128
7.384
7.39311554
7.3982188
7.39811812
7.402
7.4074
7.42599998
7.4182248
7.4
7.4034
7.4062212
7.414
7.41
7.408
7.4
7.408
7.4102224
7.40116558
7.404
7.408
7.4082218
7.412
7.406
7.406
7.41399998
7.4212994
7.42148398
7.41844906
7.422
7.4174832
7.42348438
7.434
7.44
7.425
7.44
7.44999998
7.442
7.438
7.44
7.4362302
7.42845506
7.42241298
7.434
7.44218294
7.44241756
7.43646668
7.4382014
7.43
7.43578416
7.4262272
7.4186
7.422
7.41872554
7.424
7.434
7.434
7.432
7.438
7.442
7.43363504
7.4222459
7.42
7.424
7.45471732
7.47771946
7.468
7.463
7.463
7.44356282
7.45171898
7.45221618
7.464
7.454
7.46400724
7.48113478
7.486
7.498
7.5201417
7.5428
7.56229076
7.5836
7.58799998
7.5902764
7.57462222
7.5882758
7.5756
7.582
7.596
7.59666206
7.596
7.5962782
7.591
7.572
7.57999998
7.558
7.548
7.53841002
7.5270099
7.522
7.53261024
7.531
7.5145
7.50225
7.4994996
7.508
7.51150198
7.516
7.50699998
7.50508972
7.5135024
7.526
7.536
7.546
7.54621614
7.55
7.554
7.556
7.55599998
7.5612
7.558
7.5587
7.56
7.562
7.5675132
7.576
7.5795156
7.5750291
7.57
7.568
7.5717037
7.574
7.57727024
7.592
7.6035204
7.609
7.6244
7.6434
7.654
7.64744338
7.66364226
7.668
7.67153398
7.68931596
7.692
7.6863052
7.6903064
7.706
7.7142
7.72385328
7.7337335
7.729
7.724
7.728
7.73
7.73798998
7.746
7.734
7.7283178
7.726
7.7194
7.71808332
7.721
7.714
7.71203896
7.715
7.716
7.716
7.7163142
7.728
7.73009472
7.732319
7.743
7.7451243
7.7363202
7.732319
7.7308807
7.7282821
7.72231598
7.72631718
7.73218204
7.7158
7.71
7.7083118
7.706
7.698
7.68894134
7.6803034
7.6746
7.672
7.661532
7.6582968
7.6562
7.6544
7.65558826
7.655
7.664
7.666
7.66961758
7.66586698
7.66329342
7.67
7.668
7.664
7.668
7.674
7.676
7.678
7.682
7.676
7.6770783
7.678
7.678
7.68599998
7.69884678
7.69900074
7.702
7.70612028
7.70894356
7.704
7.6900817
7.684
7.676
7.68004222
7.684
7.68799998
7.68753718
7.6835364
7.678
7.6757166
7.6711505
7.67922846
7.67542856
7.68
7.666
7.656
7.6620672
7.661532
7.664
7.666
7.66999998
7.65952538
7.65842108
7.65124896
7.64
7.634
7.632
7.626
7.62
7.6208382
7.61899034
7.6204
7.60838526
7.614
7.61995734
7.6235244
7.6209144
7.61684166
7.6172
7.62055246
7.62015914
7.6135224
7.60721696
7.62589998
7.64217908
7.6402914
7.64801408
7.65184502
7.652
7.65930186
7.648
7.6435284
7.6518
7.6526
7.658
7.6576
7.65181112
7.64583456
7.65375994
7.6575504
7.65153
7.6455288
7.6412916
7.648
7.646
7.64269998
7.64198638
7.634
7.62344818
7.624
7.624
7.6198
7.62993722
7.634
7.6266
7.6266
7.6233
7.62
7.6144
7.6367636
7.64
7.64215394
7.6386874
7.63
7.632
7.63268686
7.64429356
7.65
7.65599998
7.656
7.644
7.644
7.642
7.64091678
7.633
7.63411646
7.63283952
7.632
7.644
7.6403
7.644
7.6286
7.628
7.626
7.634
7.636
7.6369
7.63483974
7.62691512
7.632
7.63
7.62
7.63
7.62578076
7.608
7.60091198
7.59999998
7.59710928
7.61
7.6130443
7.602
7.5926
7.59053954
7.59
7.588
7.5875172
7.5884
7.594
7.595
7.596
7.59698748
7.5984
7.5972
7.5992
7.596
7.58906232
7.58599998
7.5834
7.586
7.5911385
7.60720364
7.6075212
7.612
7.61315432
7.60856308
7.602
7.608
7.60799998
7.6116397
7.61407452
7.616
7.61752318
7.62
7.621524
7.622
7.626
7.624
7.6235244
7.61213782
7.61
7.606
7.61
7.6072
7.6072
7.60705114
7.6012
7.604
7.6008
7.6
7.60167316
7.5962
7.6024
7.6098
7.624
7.62599998
7.626
7.628
7.62360062
7.6266
7.6272
7.62619142
7.624
7.62367684
7.628
7.63
7.62799998
7.61967596
7.62257148
7.62684384
7.63805944
7.6358001
7.60967376
7.63751704
7.6492
7.63158866
7.608
7.6228393
7.63956574
7.61656788
7.618
7.63599998
7.618
7.61515328
7.5996
7.601596
7.5912
7.5886041
7.59084874
7.59
7.59967998
7.5907586
7.5884
7.58235742
7.58
7.59325454
7.59786082
7.608761
7.6022911
7.594
7.60367922
7.60944552
7.6127614
7.60944552
7.5970379
7.60274008
7.602
7.598
7.576
7.574
7.5724
7.57781842
7.57464476
7.58
7.5740734
7.57
7.56799646
7.57381728
7.5926976
7.59086288
7.596
7.58614784
7.57
7.55453068
7.556
7.544
7.548
7.54720736
7.5270099
7.52063902
7.512
7.5054
7.50398712
7.50294146
7.512
7.512
7.522
7.52
7.51686732
7.51350238
7.51278918
7.5126
7.5015
7.5
7.498
7.5057508
7.49617706
7.5
7.502
7.5047
7.496
7.478
7.47205208
7.47
7.48413624
7.5
7.502
7.4769899
7.478
7.4709875
7.47799998
7.47893474
7.47892376
7.478
7.4762422
7.47589826
7.478
7.476
7.482
7.4758685
7.4842446
7.496
7.49
7.48599998
7.492
7.498
7.50023476
7.508
7.51150198
7.506938
7.50225
7.4979742
7.4974992
7.496
7.50172498
7.5
7.5018
7.49772408
7.50494682
7.506
7.516
7.51582654
7.512
7.512
7.5100094
7.51372774
7.516
7.512
7.52167072
7.522
7.5208
7.51461158
7.514
7.51189998
7.5075012
7.51173144
7.520128
7.51995728
7.524
7.51975178
7.51850908
7.5114
7.50850308
7.5087
7.49742424
7.49652492
7.501
7.50751546
7.506
7.51201174
7.51850908
7.53
7.5387538
7.54003966
7.54
7.53904622
7.53890456
7.536
7.532
7.522
7.51690192
7.516
7.52497812
7.52245132
7.528
7.52297786
7.5255048
7.52842806
7.52750518
7.5377538
7.544
7.54630942
7.544
7.546
7.5479937
7.55105484
7.56302056
7.55951168
7.5555108
7.5548
7.554
7.559756
7.558
7.55807626
7.55951168
7.552
7.55150998
7.55840892
7.5575112
7.55100104
7.547
7.54
7.5296
7.5290107
7.5395076
7.538
7.53882918
7.5555108
7.562
7.56
7.55329342
7.558
7.558
7.554
7.5662
7.566
7.568
7.56370796
7.5647564
7.571514
7.571514
7.5655128
7.56033256
7.562
7.558
7.56151208
7.5608564
7.5686
7.572
7.568
7.5666
7.56
7.56
7.557
7.55410972
7.56011954
7.56169472
7.55890694
7.55371676
7.554
7.552
7.55306676
7.55150998
7.552
7.55951158
7.558
7.56
7.561512
7.56
7.562
7.556
7.554
7.56
7.55914182
7.55951158
7.554
7.554
7.5475092
7.5455088
7.5432529
7.5388
7.53750718
7.53799998
7.54
7.54090586
7.542
7.5514
7.5497
7.55303828
7.55599998
7.55875174
7.5635124
7.56530418
7.564
7.564
7.5675132
7.57976378
7.584
7.5862
7.5850331
7.582274
7.5802
7.5802
7.588
7.594
7.594
7.59208152
7.592
7.5946242
7.59711348
7.604
7.60708806
7.6207
7.6231
7.62724838
7.62538206
7.632
7.634
7.63642482
7.64649726
7.66
7.65999998
7.666
7.6652
7.662
7.66353238
7.6602
7.666
7.668
7.66799998
7.668
7.668
7.67460414
7.676
7.68
7.676
7.674
7.6734
7.6782
7.6842
7.694
7.7142
7.724
7.73
7.732
7.72405642
7.712
7.6910755
7.684
7.6804
7.68866832
7.7042376
7.70651438
7.70711826
7.702
7.7
7.702
7.701694
7.7
7.7014
7.712
7.71380498
7.7299837
7.73989854
7.72657538
7.7143136
7.714
7.72451176
7.728
7.72823762
7.74
7.746
7.74565016
7.744
7.7403214
7.742322
7.7428
7.7468
7.752
7.74
7.738
7.73785662
7.734
7.73456038
7.73156612
7.73021822
7.72193
7.716
7.718
7.71592558
7.71091364
7.7130843
7.712313
7.7143136
7.698
7.69
7.694
7.7030803
7.712
7.71228016
7.698
7.69504514
7.68561364
7.6890747
7.682
7.678
7.6775352
7.67353438
7.6855368
7.7
7.70911058
7.708
7.712
7.70440966
7.70746414
7.708
7.704
7.708
7.716
7.722
7.728
7.72
7.7182531
7.722
7.726
7.71923486
7.71784718
7.7250041
7.726
7.7232
7.7232
7.72741002
7.7306
7.734
7.738
7.74079268
7.738
7.738
7.738
7.74
7.73954768
7.742